1220350 1220351
14529818 14529819
20899881 20899882
15336714 15336715
17451691 17451692
4823065 4823066
17798224 17798225
15178924 15178925
11393210 11393211
3042782 3042783
8241063 8241064
16887071 16887072
12493701 12493702
13782998 13782999
16559001 16559002
13856885 13856886
17881826 17881827
14025806 14025807
17009905 17009906
19314411 19314412
19697139 19697140
18649019 18649020
1047393 1047394
14779822 14779823
5091722 5091723
8641000 8641001
18112363 18112364
3004991 3004992
16034156 16034157
6004805 6004806
16194035 16194036
11670885 11670886
95928 95929
8754653 8754654
8691872 8691873
14267139 14267140
17614756 17614757
19922522 19922523
17006539 17006540
20579590 20579591
20109336 20109337
2708827 2708828
12664785 12664786
19439756 19439757
12379481 12379482
18485291 18485292
4443819 4443820
12312824 12312825
7343915 7343916
15848249 15848250
3101432 3101433
10873149 10873150
11567787 11567788
10992055 10992056
11953409 11953410
6411578 6411579
10207816 10207817
20355848 20355849
4351953 4351954
20440422 20440423
6193046 6193047
6060600 6060601
15278163 15278164
20686067 20686068
11070221 11070222
14002743 14002744
15909976 15909977
20854037 20854038
11390043 11390044
10015523 10015524
12230262 12230263
2456175 2456176
744348 744349
17427241 17427242
890638 890639
9243576 9243577
18132083 18132084
12229878 12229879
12378639 12378640
17426710 17426711
19548156 19548157
20336758 20336759
19070716 19070717
17132149 17132150
6956187 6956188
2131133 2131134
6456932 6456933
17988616 17988617
19615125 19615126
20357066 20357067
1230814 1230815
3345477 3345478
11750005 11750006
7343932 7343933
6092228 6092229
433319 433320
343290 343291
13274473 13274474
1879717 1879718
2849527 2849528
