2922313 2922314
11181744 11181745
10851504 10851505
5203626 5203627
196070 196071
18273170 18273171
20105060 20105061
7220200 7220201
1155126 1155127
14034300 14034301
12438932 12438933
4708469 4708470
9267898 9267899
7897100 7897101
17751186 17751187
10231121 10231122
9039086 9039087
13942769 13942770
1252414 1252415
2870700 2870701
5434358 5434359
3374876 3374877
3997842 3997843
20774946 20774947
1661096 1661097
9314659 9314660
1413336 1413337
6460286 6460287
18535422 18535423
5412628 5412629
17491330 17491331
8732096 8732097
19844979 19844980
5320685 5320686
13543524 13543525
18425147 18425148
3527673 3527674
