1614127 1614128
7536083 7536084
12552183 12552184
11179671 11179672
19695257 19695258
4275213 4275214
15728647 15728648
13601156 13601157
14635952 14635953
10401790 10401791
7971783 7971784
19489397 19489398
6719647 6719648
3503924 3503925
16222356 16222357
1841823 1841824
10585202 10585203
18670101 18670102
14653116 14653117
10846391 10846392
20364253 20364254
16589233 16589234
18027714 18027715
8238701 8238702
2960046 2960047
1985563 1985564
5428725 5428726
15142481 15142482
12573169 12573170
13391791 13391792
9681811 9681812
19861402 19861403
18175786 18175787
4758654 4758655
17825882 17825883
1029036 1029037
5993619 5993620
18598762 18598763
5608311 5608312
2016016 2016017
9005564 9005565
10061961 10061962
2044059 2044060
19063851 19063852
3048015 3048016
434164 434165
1930630 1930631
12083665 12083666
8318545 8318546
4172140 4172141
12571283 12571284
7893636 7893637
8972128 8972129
14660134 14660135
11487670 11487671
15020179 15020180
14905400 14905401
11100333 11100334
18355584 18355585
520317 520318
19256827 19256828
6226113 6226114
14299543 14299544
15854327 15854328
15904333 15904334
16133343 16133344
12892451 12892452
13124398 13124399
7625637 7625638
14809061 14809062
1087188 1087189
14505180 14505181
16757133 16757134
20032581 20032582
1365960 1365961
19299994 19299995
15463187 15463188
18416714 18416715
8321300 8321301
3614926 3614927
7105717 7105718
7657930 7657931
5809220 5809221
19385092 19385093
19404697 19404698
8670700 8670701
14487973 14487974
17507972 17507973
10712928 10712929
15349017 15349018
871087 871088
20002895 20002896
17903230 17903231
696830 696831
16148933 16148934
15128074 15128075
12808060 12808061
17356259 17356260
19059798 19059799
4124428 4124429
