2922313 2922314
6346715 6346716
17588257 17588258
7220200 7220201
20105060 20105061
10851504 10851505
4708469 4708470
5203626 5203627
9314659 9314660
7621604 7621605
11181744 11181745
10231121 10231122
15583667 15583668
3527673 3527674
3012778 3012779
19102125 19102126
11604050 11604051
7141368 7141369
18425147 18425148
9578166 9578167
2870700 2870701
17062756 17062757
1155126 1155127
17751186 17751187
3841051 3841052
18273170 18273171
12438932 12438933
9039086 9039087
10341891 10341892
6460286 6460287
1252414 1252415
5434358 5434359
7198248 7198249
7897100 7897101
8732096 8732097
3997842 3997843
3214895 3214896
16633102 16633103
4462300 4462301
196070 196071
9744627 9744628
17491330 17491331
13942769 13942770
19108784 19108785
13938347 13938348
9066748 9066749
2474474 2474475
9267898 9267899
3944739 3944740
20774946 20774947
1413336 1413337
5320685 5320686
13828117 13828118
18535422 18535423
19844979 19844980
1661096 1661097
12811585 12811586
3374876 3374877
13811342 13811343
3849975 3849976
7282471 7282472
6020111 6020112
14034300 14034301
586120 586121
12619906 12619907
17245699 17245700
3835720 3835721
12534695 12534696
6790939 6790940
7901683 7901684
5412628 5412629
2712201 2712202
1746596 1746597
1330815 1330816
16628791 16628792
20445790 20445791
13543524 13543525
11225394 11225395
15448641 15448642
